Layer 0

n0_MAC: -1.2558746337890625
n1_MAC: -0.0626068115234375
n2_MAC: -0.3966827392578125
n3_MAC: 0.5010986328125
n4_MAC: -0.16241455078125
n5_MAC: 0.7848968505859375
n6_MAC: -0.339935302734375
n7_MAC: 0.27630615234375
n8_MAC: -1.3934326171875
n9_MAC: 1.181976318359375
n10_MAC: -0.8769073486328125
n11_MAC: -0.133087158203125
n12_MAC: 1.340362548828125
n13_MAC: -1.3871917724609375
n14_MAC: -1.272369384765625
n15_MAC: -0.2234039306640625
n16_MAC: 0.9785003662109375
n17_MAC: 1.8739776611328125
n18_MAC: 0.276611328125
n19_MAC: 0.0698089599609375
n20_MAC: 0.763458251953125
n21_MAC: -0.9898529052734375
n22_MAC: 1.6375274658203125
n23_MAC: 0.74420166015625
n24_MAC: -0.885284423828125
n25_MAC: 0.501861572265625
n26_MAC: -3.71734619140625
n27_MAC: 2.2113800048828125
n28_MAC: 0.5110626220703125
n29_MAC: -1.298858642578125
n30_MAC: 0.8415679931640625
n31_MAC: -0.3946990966796875
n32_MAC: -0.068878173828125
n33_MAC: -0.3881378173828125
n34_MAC: -0.9921875
n35_MAC: 0.618743896484375
n36_MAC: -0.1077117919921875
n37_MAC: 0.7184295654296875
n38_MAC: -2.6537017822265625
n39_MAC: -0.3297576904296875
n40_MAC: 1.84051513671875
n41_MAC: -1.5635986328125
n42_MAC: 0.3957366943359375
n43_MAC: 0.5868682861328125
n44_MAC: -0.1371002197265625
n45_MAC: 0.4462127685546875
n46_MAC: 1.15960693359375
n47_MAC: 0.348236083984375
n48_MAC: 0.13006591796875
n49_MAC: 0.20904541015625
n50_MAC: -4.176300048828125
n51_MAC: 0.6743927001953125
n52_MAC: 0.1790618896484375
n53_MAC: -0.4702911376953125
n54_MAC: 0.8621826171875
n55_MAC: 0.09918212890625
n56_MAC: -1.3691253662109375
n57_MAC: 0.882354736328125
n58_MAC: 1.8057708740234375
n59_MAC: 0.397216796875
n60_MAC: 0.6526336669921875
n61_MAC: 2.5879974365234375
n62_MAC: -1.3545379638671875
n63_MAC: 0.85943603515625

n0: 0.0
n1: 0.0
n2: 0.0
n3: 0.5
n4: 0.0
n5: 0.78125
n6: 0.0
n7: 0.2734375
n8: 0.0
n9: 1.1796875
n10: 0.0
n11: 0.0
n12: 1.33984375
n13: 0.0
n14: 0.0
n15: 0.0
n16: 0.9765625
n17: 1.87109375
n18: 0.2734375
n19: 0.06640625
n20: 0.76171875
n21: 0.0
n22: 1.63671875
n23: 0.7421875
n24: 0.0
n25: 0.5
n26: 0.0
n27: 2.2109375
n28: 0.5078125
n29: 0.0
n30: 0.83984375
n31: 0.0
n32: 0.0
n33: 0.0
n34: 0.0
n35: 0.6171875
n36: 0.0
n37: 0.71484375
n38: 0.0
n39: 0.0
n40: 1.83984375
n41: 0.0
n42: 0.39453125
n43: 0.5859375
n44: 0.0
n45: 0.4453125
n46: 1.15625
n47: 0.34765625
n48: 0.12890625
n49: 0.20703125
n50: 0.0
n51: 0.671875
n52: 0.17578125
n53: 0.0
n54: 0.859375
n55: 0.09765625
n56: 0.0
n57: 0.87890625
n58: 1.8046875
n59: 0.39453125
n60: 0.65234375
n61: 2.5859375
n62: 0.0
n63: 0.859375

Layer 1

n64_MAC: -13.29669189453125
n65_MAC: -7.5115814208984375
n66_MAC: -6.1872406005859375
n67_MAC: 1.767242431640625
n68_MAC: -14.745285034179688
n69_MAC: 6.1936798095703125
n70_MAC: -14.243545532226562
n71_MAC: -18.138076782226562
n72_MAC: -4.1280670166015625
n73_MAC: -1.8674468994140625

n64: 0.0
n65: 0.0
n66: 0.0
n67: 0.0078125
n68: 0.0
n69: 0.98828125
n70: 0.0
n71: 0.0
n72: 0.0
n73: 0.0


----------------------------    Results   ----------------------------


Correct answer: [0. 0. 0. 0. 0. 1. 0. 0. 0. 0.]
NumeroTruncado result[0]: 0.0 ------- Model result[0]: 0.000000002996
NumeroTruncado result[1]: 0.0 ------- Model result[1]: 0.000000938376
NumeroTruncado result[2]: 0.0 ------- Model result[2]: 0.000003270150
NumeroTruncado result[3]: 0.0078125 ------- Model result[3]: 0.011826793663
NumeroTruncado result[4]: 0.0 ------- Model result[4]: 0.000000000493
NumeroTruncado result[5]: 0.98828125 ------- Model result[5]: 0.987904608250
NumeroTruncado result[6]: 0.0 ------- Model result[6]: 0.000000001113
NumeroTruncado result[7]: 0.0 ------- Model result[7]: 0.000000000017
NumeroTruncado result[8]: 0.0 ------- Model result[8]: 0.000025563892
NumeroTruncado result[9]: 0.0 ------- Model result[9]: 0.000238791836

Greatest error: 0.004014293663203716
Error position: 3
