Layer 0

n0_MAC: 0.1444244384765625
n1_MAC: -0.0739898681640625

n0: 0.140625
n1: 0.0

Layer 1

n2_MAC: -0.05712890625
n3_MAC: -0.10601806640625

n2: 0.0
n3: 0.0

Layer 2

n4_MAC: 0.0
n5_MAC: 0.0

n4: 0.0
n5: 0.0

Layer 3

n6_MAC: 0.0
n7_MAC: 0.0

n6: 0.0
n7: 0.0

Layer 4

n8_MAC: 0.0
n9_MAC: 0.0

n8: 0.0
n9: 0.0

Layer 5

n10_MAC: 0.0
n11_MAC: 0.0

n10: 0.0
n11: 0.0

Layer 6

n12_MAC: 0.0
n13_MAC: 0.0

n12: 0.0
n13: 0.0

Layer 7

n14_MAC: 0.0
n15_MAC: 0.0

n14: 0.0
n15: 0.0

Layer 8

n16_MAC: 0.0
n17_MAC: 0.0

n16: 0.0
n17: 0.0

Layer 9

n18_MAC: -0.015625
n19_MAC: 0.10546875
n20_MAC: 0.0
n21_MAC: 0.00390625
n22_MAC: -0.03515625
n23_MAC: -0.1171875
n24_MAC: -0.01171875
n25_MAC: 0.03125
n26_MAC: -0.01953125
n27_MAC: -0.01953125

n18: 0.09765625
n19: 0.109375
n20: 0.09765625
n21: 0.09765625
n22: 0.09375
n23: 0.0859375
n24: 0.09765625
n25: 0.1015625
n26: 0.09765625
n27: 0.09765625


----------------------------    Results   ----------------------------


Correct answer: [0. 0. 0. 0. 0. 1. 0. 0. 0. 0.]
NumeroTruncado result[0]: 0.09765625 ------- Model result[0]: 0.098873950541
NumeroTruncado result[1]: 0.109375 ------- Model result[1]: 0.111932612956
NumeroTruncado result[2]: 0.09765625 ------- Model result[2]: 0.100613139570
NumeroTruncado result[3]: 0.09765625 ------- Model result[3]: 0.101398080587
NumeroTruncado result[4]: 0.09375 ------- Model result[4]: 0.097158581018
NumeroTruncado result[5]: 0.0859375 ------- Model result[5]: 0.089337408543
NumeroTruncado result[6]: 0.09765625 ------- Model result[6]: 0.099348135293
NumeroTruncado result[7]: 0.1015625 ------- Model result[7]: 0.104094557464
NumeroTruncado result[8]: 0.09765625 ------- Model result[8]: 0.098557479680
NumeroTruncado result[9]: 0.09765625 ------- Model result[9]: 0.098686024547

Greatest error: 0.003741830587387085
Error position: 3
