Layer 0

n0_MAC: 0.6245880126953125
n1_MAC: 1.52166748046875

n0: 0.62109375
n1: 1.51953125

Layer 1

n2_MAC: 1.3795623779296875
n3_MAC: -2.4224090576171875

n2: 1.37890625
n3: 0.0

Layer 2

n4_MAC: 1.0694122314453125
n5_MAC: -0.8779754638671875

n4: 1.06640625
n5: 0.0

Layer 3

n6_MAC: -0.7956390380859375
n7_MAC: 2.63031005859375

n6: 0.0
n7: 2.62890625

Layer 4

n8_MAC: -4.1021575927734375
n9_MAC: -0.500274658203125
n10_MAC: 0.6642303466796875
n11_MAC: 0.40765380859375
n12_MAC: -1.5782318115234375
n13_MAC: 0.5564422607421875
n14_MAC: -1.3931427001953125
n15_MAC: -7.302398681640625
n16_MAC: 0.4985809326171875
n17_MAC: -3.732177734375

n8: 0.0
n9: 0.07421875
n10: 0.2421875
n11: 0.1875
n12: 0.0234375
n13: 0.21875
n14: 0.02734375
n15: 0.0
n16: 0.20703125
n17: 0.0


----------------------------    Results   ----------------------------


Correct answer: [0. 0. 0. 0. 0. 1. 0. 0. 0. 0.]
NumeroTruncado result[0]: 0.0 ------- Model result[0]: 0.001904497040
NumeroTruncado result[1]: 0.07421875 ------- Model result[1]: 0.078001275659
NumeroTruncado result[2]: 0.2421875 ------- Model result[2]: 0.242613077164
NumeroTruncado result[3]: 0.1875 ------- Model result[3]: 0.190012857318
NumeroTruncado result[4]: 0.0234375 ------- Model result[4]: 0.026609934866
NumeroTruncado result[5]: 0.21875 ------- Model result[5]: 0.219831854105
NumeroTruncado result[6]: 0.02734375 ------- Model result[6]: 0.029739802703
NumeroTruncado result[7]: 0.0 ------- Model result[7]: 0.000088846384
NumeroTruncado result[8]: 0.20703125 ------- Model result[8]: 0.208062246442
NumeroTruncado result[9]: 0.0 ------- Model result[9]: 0.003135633422

Greatest error: 0.003782525658607483
Error position: 1
