Layer 0

n0_MAC: 1.0664520263671875
n1_MAC: -0.623779296875

n0: 1.06640625
n1: 0.0

Layer 1

n2_MAC: 0.79486083984375
n3_MAC: -0.4873809814453125

n2: 0.79296875
n3: 0.0

Layer 2

n4_MAC: -0.3748016357421875
n5_MAC: 1.4204254150390625

n4: 0.0
n5: 1.41796875

Layer 3

n6_MAC: 2.452056884765625
n7_MAC: -0.015411376953125

n6: 2.44921875
n7: 0.0

Layer 4

n8_MAC: 4.70477294921875
n9_MAC: -0.0861053466796875

n8: 4.703125
n9: 0.0

Layer 5

n10_MAC: -1.70855712890625
n11_MAC: 10.71063232421875

n10: 0.0
n11: 10.70703125

Layer 6

n12_MAC: -0.50946044921875
n13_MAC: -0.226593017578125
n14_MAC: 2.4404754638671875
n15_MAC: 2.5468597412109375
n16_MAC: -3.103668212890625
n17_MAC: 2.358612060546875
n18_MAC: 2.3196563720703125
n19_MAC: -22.314559936523438
n20_MAC: 2.2016143798828125
n21_MAC: -9.737197875976562

n12: 0.0078125
n13: 0.01171875
n14: 0.20703125
n15: 0.23046875
n16: 0.0
n17: 0.1875
n18: 0.1796875
n19: 0.0
n20: 0.16015625
n21: 0.0


----------------------------    Results   ----------------------------


Correct answer: [0. 0. 0. 0. 0. 1. 0. 0. 0. 0.]
NumeroTruncado result[0]: 0.0078125 ------- Model result[0]: 0.013502468355
NumeroTruncado result[1]: 0.01171875 ------- Model result[1]: 0.008982370608
NumeroTruncado result[2]: 0.20703125 ------- Model result[2]: 0.226673945785
NumeroTruncado result[3]: 0.23046875 ------- Model result[3]: 0.223883062601
NumeroTruncado result[4]: 0.0 ------- Model result[4]: 0.000401105353
NumeroTruncado result[5]: 0.1875 ------- Model result[5]: 0.176985666156
NumeroTruncado result[6]: 0.1796875 ------- Model result[6]: 0.202885106206
NumeroTruncado result[7]: 0.0 ------- Model result[7]: 0.000000000000
NumeroTruncado result[8]: 0.16015625 ------- Model result[8]: 0.146685987711
NumeroTruncado result[9]: 0.0 ------- Model result[9]: 0.000000314512

Greatest error: 0.023197606205940247
Error position: 6
