Layer 0

n0_MAC: 0.892913818359375
n1_MAC: 1.06817626953125

n0: 0.890625
n1: 1.06640625

Layer 1

n2_MAC: -0.0855255126953125
n3_MAC: -0.2611846923828125

n2: 0.0
n3: 0.0

Layer 2

n4_MAC: 0.65234375
n5_MAC: 0.62109375

n4: 0.65234375
n5: 0.62109375

Layer 3

n6_MAC: -1.40142822265625
n7_MAC: 1.6103973388671875

n6: 0.0
n7: 1.609375

Layer 4

n8_MAC: -1.584228515625
n9_MAC: 1.8946533203125

n8: 0.0
n9: 1.89453125

Layer 5

n10_MAC: -1.0434722900390625
n11_MAC: 2.86749267578125

n10: 0.0
n11: 2.8671875

Layer 6

n12_MAC: 4.76727294921875
n13_MAC: -1.556793212890625

n12: 4.765625
n13: 0.0

Layer 7

n14_MAC: -3.0457763671875
n15_MAC: 0.122314453125
n16_MAC: -1.156005859375
n17_MAC: 1.09686279296875
n18_MAC: 0.141357421875
n19_MAC: 1.115478515625
n20_MAC: -3.4554443359375
n21_MAC: 0.4356689453125
n22_MAC: 1.05615234375
n23_MAC: 1.09771728515625

n14: 0.0
n15: 0.06640625
n16: 0.015625
n17: 0.18359375
n18: 0.0703125
n19: 0.1875
n20: 0.0
n21: 0.09375
n22: 0.17578125
n23: 0.18359375


----------------------------    Results   ----------------------------


Correct answer: [0. 0. 0. 0. 0. 1. 0. 0. 0. 0.]
NumeroTruncado result[0]: 0.0 ------- Model result[0]: 0.002762614749
NumeroTruncado result[1]: 0.06640625 ------- Model result[1]: 0.072013616562
NumeroTruncado result[2]: 0.015625 ------- Model result[2]: 0.020220054314
NumeroTruncado result[3]: 0.18359375 ------- Model result[3]: 0.184246391058
NumeroTruncado result[4]: 0.0703125 ------- Model result[4]: 0.073488302529
NumeroTruncado result[5]: 0.1875 ------- Model result[5]: 0.186700895429
NumeroTruncado result[6]: 0.0 ------- Model result[6]: 0.002066266956
NumeroTruncado result[7]: 0.09375 ------- Model result[7]: 0.093281857669
NumeroTruncado result[8]: 0.17578125 ------- Model result[8]: 0.180721729994
NumeroTruncado result[9]: 0.18359375 ------- Model result[9]: 0.184498220682

Greatest error: 0.0056073665618896484
Error position: 1
