Layer 0

n0_MAC: 0.6353912353515625
n1_MAC: -0.6855926513671875

n0: 0.6328125
n1: 0.0

Layer 1

n2_MAC: 0.279327392578125
n3_MAC: -0.67236328125

n2: 0.27734375
n3: 0.0

Layer 2

n4_MAC: 0.46368408203125
n5_MAC: -0.1310882568359375

n4: 0.4609375
n5: 0.0

Layer 3

n6_MAC: -0.49334716796875
n7_MAC: 0.936279296875

n6: 0.0
n7: 0.93359375

Layer 4

n8_MAC: -0.123992919921875
n9_MAC: 1.976593017578125

n8: 0.0
n9: 1.9765625

Layer 5

n10_MAC: 2.401214599609375
n11_MAC: -0.980560302734375

n10: 2.3984375
n11: 0.0

Layer 6

n12_MAC: -1.227325439453125
n13_MAC: 3.176055908203125

n12: 0.0
n13: 3.17578125

Layer 7

n14_MAC: -0.3597564697265625
n15_MAC: 4.689239501953125

n14: 0.0
n15: 4.6875

Layer 8

n16_MAC: -5.484130859375
n17_MAC: -0.804443359375
n18_MAC: -3.096435546875
n19_MAC: -0.60595703125
n20_MAC: -0.572998046875
n21_MAC: -0.886474609375
n22_MAC: -5.362548828125
n23_MAC: -2.463134765625
n24_MAC: -0.554443359375
n25_MAC: -1.718505859375

n16: 0.0
n17: 0.15625
n18: 0.015625
n19: 0.1875
n20: 0.1953125
n21: 0.140625
n22: 0.0
n23: 0.02734375
n24: 0.19921875
n25: 0.05859375


----------------------------    Results   ----------------------------


Correct answer: [0. 0. 0. 0. 0. 1. 0. 0. 0. 0.]
NumeroTruncado result[0]: 0.0 ------- Model result[0]: 0.001555484487
NumeroTruncado result[1]: 0.15625 ------- Model result[1]: 0.150952592492
NumeroTruncado result[2]: 0.015625 ------- Model result[2]: 0.014347023331
NumeroTruncado result[3]: 0.1875 ------- Model result[3]: 0.192184612155
NumeroTruncado result[4]: 0.1953125 ------- Model result[4]: 0.197368234396
NumeroTruncado result[5]: 0.140625 ------- Model result[5]: 0.145294383168
NumeroTruncado result[6]: 0.0 ------- Model result[6]: 0.001450288575
NumeroTruncado result[7]: 0.02734375 ------- Model result[7]: 0.031350605190
NumeroTruncado result[8]: 0.19921875 ------- Model result[8]: 0.200183928013
NumeroTruncado result[9]: 0.05859375 ------- Model result[9]: 0.065312892199

Greatest error: 0.006719142198562622
Error position: 9
