Layer 0

n0_MAC: 0.6132965087890625
n1_MAC: -0.248992919921875
n2_MAC: -0.5432891845703125
n3_MAC: -0.161407470703125
n4_MAC: 0.730194091796875
n5_MAC: 1.053680419921875
n6_MAC: -0.5600128173828125
n7_MAC: 0.7714385986328125
n8_MAC: -0.5042266845703125
n9_MAC: 0.167572021484375
n10_MAC: -1.9972381591796875
n11_MAC: 0.4633026123046875
n12_MAC: 1.2239532470703125
n13_MAC: 1.40789794921875
n14_MAC: 0.6893768310546875
n15_MAC: -0.5346221923828125
n16_MAC: -0.2649993896484375
n17_MAC: -0.670806884765625
n18_MAC: 0.833282470703125
n19_MAC: 0.7724761962890625
n20_MAC: 0.853363037109375
n21_MAC: -0.0416412353515625
n22_MAC: -0.2796173095703125
n23_MAC: 2.02227783203125
n24_MAC: 0.7762451171875
n25_MAC: -0.0166168212890625
n26_MAC: -0.6890106201171875
n27_MAC: 0.2916259765625
n28_MAC: 0.0010223388671875
n29_MAC: 0.66119384765625
n30_MAC: -0.3820953369140625
n31_MAC: 1.153289794921875

n0: 0.61328125
n1: 0.0
n2: 0.0
n3: 0.0
n4: 0.7265625
n5: 1.05078125
n6: 0.0
n7: 0.76953125
n8: 0.0
n9: 0.1640625
n10: 0.0
n11: 0.4609375
n12: 1.22265625
n13: 1.40625
n14: 0.6875
n15: 0.0
n16: 0.0
n17: 0.0
n18: 0.83203125
n19: 0.76953125
n20: 0.8515625
n21: 0.0
n22: 0.0
n23: 2.01953125
n24: 0.7734375
n25: 0.0
n26: 0.0
n27: 0.2890625
n28: 0.0
n29: 0.66015625
n30: 0.0
n31: 1.15234375

Layer 1

n32_MAC: -1.6598358154296875
n33_MAC: 2.9002532958984375
n34_MAC: -1.2884979248046875
n35_MAC: -0.565185546875
n36_MAC: 1.5848846435546875
n37_MAC: -1.682098388671875
n38_MAC: 1.023956298828125
n39_MAC: 0.668060302734375
n40_MAC: 1.3022918701171875
n41_MAC: 1.6446990966796875
n42_MAC: 0.5904541015625
n43_MAC: 1.6764678955078125
n44_MAC: 2.039276123046875
n45_MAC: 1.772705078125
n46_MAC: 2.7243804931640625
n47_MAC: 1.459259033203125
n48_MAC: 0.9442138671875
n49_MAC: -1.808349609375
n50_MAC: 1.679779052734375
n51_MAC: 3.7318115234375
n52_MAC: 2.3475341796875
n53_MAC: 1.500091552734375
n54_MAC: 1.823089599609375
n55_MAC: -0.325775146484375
n56_MAC: 3.65740966796875
n57_MAC: -1.5524444580078125
n58_MAC: 3.777679443359375
n59_MAC: 2.0035858154296875
n60_MAC: 1.083953857421875
n61_MAC: 1.5177154541015625
n62_MAC: -0.8986663818359375
n63_MAC: 5.8463897705078125

n32: 0.0
n33: 2.8984375
n34: 0.0
n35: 0.0
n36: 1.58203125
n37: 0.0
n38: 1.0234375
n39: 0.66796875
n40: 1.30078125
n41: 1.64453125
n42: 0.58984375
n43: 1.67578125
n44: 2.0390625
n45: 1.76953125
n46: 2.72265625
n47: 1.45703125
n48: 0.94140625
n49: 0.0
n50: 1.6796875
n51: 3.73046875
n52: 2.34375
n53: 1.5
n54: 1.8203125
n55: 0.0
n56: 3.65625
n57: 0.0
n58: 3.77734375
n59: 2.0
n60: 1.08203125
n61: 1.515625
n62: 0.0
n63: 5.84375

Layer 2

n64_MAC: -15.96917724609375
n65_MAC: -5.064849853515625
n66_MAC: -2.9564208984375
n67_MAC: 2.9105072021484375
n68_MAC: -18.403793334960938
n69_MAC: 9.772140502929688
n70_MAC: -12.73486328125
n71_MAC: -12.844711303710938
n72_MAC: -1.7906494140625
n73_MAC: -3.75311279296875

n64: 0.0
n65: 0.0
n66: 0.0
n67: 0.0
n68: 0.0
n69: 1.0
n70: 0.0
n71: 0.0
n72: 0.0
n73: 0.0


----------------------------    Results   ----------------------------


Correct answer: [0. 0. 0. 0. 0. 1. 0. 0. 0. 0.]
NumeroTruncado result[0]: 0.0 ------- Model result[0]: 0.000000000005
NumeroTruncado result[1]: 0.0 ------- Model result[1]: 0.000000243935
NumeroTruncado result[2]: 0.0 ------- Model result[2]: 0.000002317109
NumeroTruncado result[3]: 0.0 ------- Model result[3]: 0.000925986504
NumeroTruncado result[4]: 0.0 ------- Model result[4]: 0.000000000000
NumeroTruncado result[5]: 1.0 ------- Model result[5]: 0.999062716961
NumeroTruncado result[6]: 0.0 ------- Model result[6]: 0.000000000124
NumeroTruncado result[7]: 0.0 ------- Model result[7]: 0.000000000083
NumeroTruncado result[8]: 0.0 ------- Model result[8]: 0.000007956274
NumeroTruncado result[9]: 0.0 ------- Model result[9]: 0.000000872400

Greatest error: 0.0009372830390930176
Error position: 5
