Layer 0

n0_MAC: 0.86834716796875
n1_MAC: 3.1982574462890625
n2_MAC: 0.4761962890625
n3_MAC: -0.2931976318359375
n4_MAC: 0.0728302001953125
n5_MAC: 0.353363037109375
n6_MAC: 1.128875732421875
n7_MAC: 0.9154205322265625

n0: 0.8671875
n1: 3.1953125
n2: 0.47265625
n3: 0.0
n4: 0.0703125
n5: 0.3515625
n6: 1.125
n7: 0.9140625

Layer 1

n8_MAC: 1.010101318359375
n9_MAC: 0.1074371337890625
n10_MAC: -0.852142333984375
n11_MAC: 4.2163848876953125
n12_MAC: 4.72869873046875
n13_MAC: 3.6778564453125
n14_MAC: 5.856689453125
n15_MAC: 1.6602630615234375

n8: 1.0078125
n9: 0.10546875
n10: 0.0
n11: 4.21484375
n12: 4.7265625
n13: 3.67578125
n14: 5.85546875
n15: 1.66015625

Layer 2

n16_MAC: -1.9399261474609375
n17_MAC: -3.1682281494140625
n18_MAC: -5.889984130859375
n19_MAC: 0.5478057861328125
n20_MAC: -8.785079956054688
n21_MAC: 3.9236907958984375
n22_MAC: -4.986602783203125
n23_MAC: -13.122406005859375
n24_MAC: 0.635650634765625
n25_MAC: -5.22406005859375

n16: 0.0
n17: 0.0
n18: 0.0
n19: 0.02734375
n20: 0.0
n21: 0.9375
n22: 0.0
n23: 0.0
n24: 0.03125
n25: 0.0


----------------------------    Results   ----------------------------


Correct answer: [0. 0. 0. 0. 0. 1. 0. 0. 0. 0.]
NumeroTruncado result[0]: 0.0 ------- Model result[0]: 0.002008633222
NumeroTruncado result[1]: 0.0 ------- Model result[1]: 0.000669739908
NumeroTruncado result[2]: 0.0 ------- Model result[2]: 0.000045506553
NumeroTruncado result[3]: 0.02734375 ------- Model result[3]: 0.029586143792
NumeroTruncado result[4]: 0.0 ------- Model result[4]: 0.000001769728
NumeroTruncado result[5]: 0.9375 ------- Model result[5]: 0.933586180210
NumeroTruncado result[6]: 0.0 ------- Model result[6]: 0.000119391188
NumeroTruncado result[7]: 0.0 ------- Model result[7]: 0.000000019102
NumeroTruncado result[8]: 0.03125 ------- Model result[8]: 0.033924333751
NumeroTruncado result[9]: 0.0 ------- Model result[9]: 0.000058374320

Greatest error: 0.003913819789886475
Error position: 5
