Layer 0

n0_MAC: -0.67449951171875
n1_MAC: -0.68841552734375
n2_MAC: -0.1002349853515625
n3_MAC: 1.060516357421875
n4_MAC: 1.489044189453125
n5_MAC: 1.2153167724609375
n6_MAC: -0.14471435546875
n7_MAC: 0.731597900390625
n8_MAC: 1.0736846923828125
n9_MAC: -1.71600341796875
n10_MAC: -0.570159912109375
n11_MAC: 0.16815185546875
n12_MAC: 0.9846343994140625
n13_MAC: 0.210723876953125
n14_MAC: 0.1600341796875
n15_MAC: 2.135986328125

n0: 0.0
n1: 0.0
n2: 0.0
n3: 1.05859375
n4: 1.48828125
n5: 1.21484375
n6: 0.0
n7: 0.73046875
n8: 1.0703125
n9: 0.0
n10: 0.0
n11: 0.16796875
n12: 0.984375
n13: 0.20703125
n14: 0.15625
n15: 2.1328125

Layer 1

n16_MAC: -1.2322998046875
n17_MAC: 1.831268310546875
n18_MAC: 2.574554443359375
n19_MAC: 0.7567291259765625
n20_MAC: 0.3984375
n21_MAC: 1.3361053466796875
n22_MAC: 5.6103515625
n23_MAC: 2.0073089599609375
n24_MAC: 0.759857177734375
n25_MAC: -0.4380950927734375
n26_MAC: 0.7148284912109375
n27_MAC: 4.727813720703125
n28_MAC: 3.5262908935546875
n29_MAC: 2.141448974609375
n30_MAC: -3.6000518798828125
n31_MAC: 0.027252197265625

n16: 0.0
n17: 1.828125
n18: 2.57421875
n19: 0.75390625
n20: 0.3984375
n21: 1.3359375
n22: 5.609375
n23: 2.00390625
n24: 0.7578125
n25: 0.0
n26: 0.7109375
n27: 4.7265625
n28: 3.5234375
n29: 2.140625
n30: 0.0
n31: 0.0234375

Layer 2

n32_MAC: -5.18719482421875
n33_MAC: -3.729095458984375
n34_MAC: -4.995330810546875
n35_MAC: 4.7841949462890625
n36_MAC: -6.0383758544921875
n37_MAC: 9.562545776367188
n38_MAC: -7.9044952392578125
n39_MAC: -13.11383056640625
n40_MAC: -1.29376220703125
n41_MAC: -0.6164398193359375

n32: 0.0
n33: 0.0
n34: 0.0
n35: 0.00390625
n36: 0.0
n37: 0.9921875
n38: 0.0
n39: 0.0
n40: 0.0
n41: 0.0


----------------------------    Results   ----------------------------


Correct answer: [0. 0. 0. 0. 0. 1. 0. 0. 0. 0.]
NumeroTruncado result[0]: 0.0 ------- Model result[0]: 0.000000281978
NumeroTruncado result[1]: 0.0 ------- Model result[1]: 0.000001738636
NumeroTruncado result[2]: 0.0 ------- Model result[2]: 0.000000385876
NumeroTruncado result[3]: 0.00390625 ------- Model result[3]: 0.008509721607
NumeroTruncado result[4]: 0.0 ------- Model result[4]: 0.000000086377
NumeroTruncado result[5]: 0.9921875 ------- Model result[5]: 0.991448283195
NumeroTruncado result[6]: 0.0 ------- Model result[6]: 0.000000015826
NumeroTruncado result[7]: 0.0 ------- Model result[7]: 0.000000000081
NumeroTruncado result[8]: 0.0 ------- Model result[8]: 0.000013839031
NumeroTruncado result[9]: 0.0 ------- Model result[9]: 0.000025700208

Greatest error: 0.004603471606969833
Error position: 3
